
***751 blast_Blast
Plot Partitions with 1 Node: False
Plot Lines Black: True
19 Partitions: [1, 2, 3, 4, 5, 6, 7, 8, 9, 10, 11, 12, 13, 14, 15, 16, 17, 18, 19]
    6 Partitions not Drawn: [4, 5, 14, 15, 18, 19]
    13 Partitions >1 Network: [1, 2, 3, 6, 7, 8, 9, 10, 11, 12, 13, 16, 17]
    12 Nodes not Drawn: [108, 108, 110, 110, 242, 242, 244, 244, 260, 260, 262, 262]
    Nodes with 0.0 values: [108, 110, 242, 244, 260, 262]
PARTITION PLOT DATA
Partition, Length, Color
[('1', 36, 'white'), ('2', 52, 'white'), ('3', 28, 'white'), ('6', 2, 'white'), ('7', 4, 'white'), ('8', 2, 'white'), ('9', 66, 'white'), ('10', 21, 'white'), ('11', 2, 'white'), ('12', 28, 'white'), ('13', 3, 'white'), ('16', 6, 'white'), ('17', 8, 'white')]
NETWORK PLOT DATA
Partition, Network_Start_Col, Length, Network
[(1, 0, 23, 1), (1, 25, 5, 3), (1, 32, 3, 12), (2, 1, 21, 5), (2, 23, 10, 8), (2, 34, 9, 9), (2, 44, 5, 10), (3, 0, 4, 1), (3, 5, 1, 2), (3, 7, 2, 3), (3, 10, 6, 4), (3, 17, 4, 5), (3, 22, 1, 8), (6, 0, 1, 5), (7, 0, 1, 5), (7, 2, 1, 14), (8, 0, 1, 5), (9, 3, 2, 4), (9, 6, 14, 5), (9, 21, 4, 6), (9, 26, 19, 7), (9, 46, 6, 8), (9, 53, 1, 9), (9, 55, 3, 11), (9, 59, 4, 12), (9, 64, 1, 14), (10, 1, 10, 7), (10, 14, 6, 14), (12, 1, 2, 3), (12, 4, 2, 4), (12, 7, 2, 5), (12, 10, 2, 8), (12, 13, 4, 9), (12, 18, 3, 10), (12, 23, 4, 14), (13, 1, 1, 10), (16, 0, 1, 5), (16, 3, 2, 14), (17, 1, 3, 13), (17, 5, 2, 14)]
258 NODE PLOT DATA: Src,Dest (Part,Col,Length,Network,Diameter)
[(('1', 0, 1, 1000), ('1', 2, 3, 1000), 1), (('1', 1, 2, 1000), ('1', 2, 3, 1000), 1), (('1', 2, 3, 1000), ('1', 0, 1, 1000), 1), (('1', 3, 4, 1000), ('1', 2, 3, 1000), 1), (('1', 4, 5, 1000), ('1', 5, 6, 1000), 1), (('1', 5, 6, 1000), ('1', 0, 1, 1000), 1), (('1', 6, 7, 1000), ('1', 0, 1, 1000), 1), (('1', 7, 8, 1000), ('1', 6, 7, 1000), 1), (('1', 8, 9, 1000), ('1', 0, 1, 1000), 1), (('1', 9, 10, 1000), ('1', 5, 6, 1000), 1), (('1', 10, 11, 1000), ('1', 0, 1, 1000), 1), (('1', 11, 12, 1000), ('1', 13, 14, 1000), 1), (('1', 12, 13, 1000), ('1', 4, 5, 1000), 1), (('1', 13, 14, 1000), ('1', 2, 3, 1000), 1), (('1', 14, 15, 1000), ('1', 0, 1, 1000), 1), (('1', 15, 16, 1000), ('1', 5, 6, 1000), 1), (('1', 16, 17, 1000), ('1', 6, 7, 1000), 1), (('1', 17, 18, 1000), ('1', 0, 1, 1000), 1), (('1', 18, 19, 1000), ('1', 5, 6, 1000), 1), (('1', 19, 20, 1000), ('1', 2, 3, 1000), 1), (('1', 20, 21, 1000), ('1', 0, 1, 1000), 1), (('1', 21, 22, 1000), ('1', 4, 5, 1000), 1), (('1', 22, 23, 1000), ('1', 2, 3, 1000), 1), (('1', 23, 24, 1000), ('1', 2, 3, 1000), 1), (('1', 24, 25, 1000), ('1', 11, 12, 1000), 2), (('1', 25, 26, 1000), ('1', 2, 3, 1000), 3), (('1', 26, 27, 1000), ('1', 29, 30, 1000), 3), (('1', 27, 28, 1000), ('1', 5, 6, 1000), 3), (('1', 28, 29, 1000), ('1', 3, 4, 1000), 3), (('1', 29, 30, 1000), ('1', 15, 16, 1000), 3), (('1', 30, 31, 1000), ('1', 2, 3, 1000), 3), (('1', 31, 32, 1000), ('1', 11, 12, 1000), 9), (('1', 32, 33, 1000), ('1', 0, 1, 1000), 12), (('1', 33, 34, 1000), ('1', 0, 1, 1000), 12), (('1', 34, 35, 1000), ('1', 0, 1, 1000), 12), (('1', 35, 36, 1000), ('1', 2, 3, 1000), 12), (('2', 0, 1, 1000), ('1', 25, 26, 1000), 3), (('2', 1, 2, 1000), ('2', 30, 31, 1000), 5), (('2', 2, 3, 1000), ('2', 6, 7, 1000), 5), (('2', 3, 4, 1000), ('2', 4, 5, 1000), 5), (('2', 4, 5, 1000), ('2', 3, 4, 1000), 5), (('2', 5, 6, 1000), ('2', 3, 4, 1000), 5), (('2', 6, 7, 1000), ('2', 2, 3, 1000), 5), (('2', 7, 8, 1000), ('2', 2, 3, 1000), 5), (('2', 8, 9, 1000), ('2', 3, 4, 1000), 5), (('2', 9, 10, 1000), ('2', 3, 4, 1000), 5), (('2', 10, 11, 1000), ('2', 0, 1, 1000), 5), (('2', 11, 12, 1000), ('2', 0, 1, 1000), 5), (('2', 12, 13, 1000), ('12', 8, 9, 1000), 5), (('2', 13, 14, 1000), ('12', 8, 9, 1000), 5), (('2', 14, 15, 1000), ('12', 8, 9, 1000), 5), (('2', 15, 16, 1000), ('12', 8, 9, 1000), 5), (('2', 16, 17, 1000), ('2', 6, 7, 1000), 5), (('2', 17, 18, 1000), ('2', 0, 1, 1000), 5), (('2', 18, 19, 1000), ('2', 0, 1, 1000), 5), (('2', 19, 20, 1000), ('2', 9, 10, 1000), 5), (('2', 20, 21, 1000), ('2', 0, 1, 1000), 5), (('2', 21, 22, 1000), ('2', 0, 1, 1000), 5), (('2', 22, 23, 1000), ('2', 31, 32, 1000), 5), (('2', 23, 24, 1000), ('2', 25, 26, 1000), 8), (('2', 24, 25, 1000), ('3', 3, 4, 1000), 8), (('2', 25, 26, 1000), ('3', 0, 1, 1000), 8), (('2', 26, 27, 1000), ('2', 9, 10, 1000), 8), (('2', 27, 28, 1000), ('2', 6, 7, 1000), 8), (('2', 28, 29, 1000), ('2', 2, 3, 1000), 8), (('2', 29, 30, 1000), ('2', 23, 24, 1000), 8), (('2', 30, 31, 1000), ('2', 1, 2, 1000), 8), (('2', 31, 32, 1000), ('2', 22, 23, 1000), 8), (('2', 32, 33, 1000), ('2', 9, 10, 1000), 8), (('2', 33, 34, 1000), ('2', 0, 1, 1000), 8), (('2', 34, 35, 1000), ('2', 0, 1, 1000), 9), (('2', 35, 36, 1000), ('2', 0, 1, 1000), 9), (('2', 36, 37, 1000), ('1', 3, 4, 1000), 9), (('2', 37, 38, 1000), ('2', 0, 1, 1000), 9), (('2', 38, 39, 1000), ('1', 30, 31, 1000), 9), (('2', 39, 40, 1000), ('1', 25, 26, 1000), 9), (('2', 40, 41, 1000), ('2', 0, 1, 1000), 9), (('2', 41, 42, 1000), ('2', 6, 7, 1000), 9), (('2', 42, 43, 1000), ('2', 0, 1, 1000), 9), (('2', 43, 44, 1000), ('2', 10, 11, 1000), 9), (('2', 44, 45, 1000), ('2', 36, 37, 1000), 10), (('2', 45, 46, 1000), ('3', 11, 12, 1000), 10), (('2', 46, 47, 1000), ('13', 1, 2, 1000), 10), (('2', 47, 48, 1000), ('2', 0, 1, 1000), 10), (('2', 48, 49, 1000), ('2', 38, 39, 1000), 10), (('2', 49, 50, 1000), ('2', 23, 24, 1000), 10), (('2', 50, 51, 1000), ('3', 9, 10, 1000), 11), (('2', 51, 52, 1000), ('2', 22, 23, 1000), 14), (('3', 0, 1, 1000), ('3', 1, 2, 1000), 1), (('3', 1, 2, 1000), ('3', 0, 1, 1000), 1), (('3', 2, 3, 1000), ('1', 9, 10, 1000), 1), (('3', 3, 4, 1000), ('3', 0, 1, 1000), 1), (('3', 4, 5, 1000), ('3', 2, 3, 1000), 1), (('3', 5, 6, 1000), ('3', 0, 1, 1000), 2), (('3', 6, 7, 1000), ('3', 5, 6, 1000), 2), (('3', 7, 8, 1000), ('3', 8, 9, 1000), 3), (('3', 8, 9, 1000), ('3', 7, 8, 1000), 3), (('3', 9, 10, 1000), ('3', 7, 8, 1000), 3), (('3', 10, 11, 1000), ('3', 6, 7, 1000), 4), (('3', 11, 12, 1000), ('3', 0, 1, 1000), 4), (('3', 12, 13, 1000), ('3', 8, 9, 1000), 4), (('3', 13, 14, 1000), ('3', 0, 1, 1000), 4), (('3', 14, 15, 1000), ('3', 0, 1, 1000), 4), (('3', 15, 16, 1000), ('3', 0, 1, 1000), 4), (('3', 16, 17, 1000), ('3', 8, 9, 1000), 4), (('3', 17, 18, 1000), ('3', 20, 21, 1000), 5), (('3', 18, 19, 1000), ('3', 12, 13, 1000), 5), (('3', 19, 20, 1000), ('3', 12, 13, 1000), 5), (('3', 20, 21, 1000), ('3', 17, 18, 1000), 5), (('3', 21, 22, 1000), ('3', 19, 20, 1000), 5), (('3', 22, 23, 1000), ('3', 0, 1, 1000), 8), (('3', 23, 24, 1000), ('3', 3, 4, 1000), 8), (('3', 24, 25, 1000), ('3', 7, 8, 1000), 10), (('3', 25, 26, 1000), ('3', 10, 11, 1000), 11), (('3', 26, 27, 1000), ('3', 0, 1, 1000), 12), (('3', 27, 28, 1000), ('3', 17, 18, 1000), 14), (('6', 0, 1, 1000), ('6', 1, 2, 1000), 5), (('6', 1, 2, 1000), ('6', 0, 1, 1000), 5), (('7', 0, 1, 1000), ('7', 1, 2, 1000), 5), (('7', 1, 2, 1000), ('7', 0, 1, 1000), 5), (('7', 2, 3, 1000), ('7', 3, 4, 1000), 14), (('7', 3, 4, 1000), ('7', 1, 2, 1000), 14), (('8', 0, 1, 1000), ('8', 1, 2, 1000), 5), (('8', 1, 2, 1000), ('8', 0, 1, 1000), 5), (('9', 0, 1, 1000), ('3', 0, 1, 1000), 1), (('9', 1, 2, 1000), ('1', 24, 25, 1000), 2), (('9', 2, 3, 1000), ('1', 11, 12, 1000), 3), (('9', 3, 4, 1000), ('9', 0, 1, 1000), 4), (('9', 4, 5, 1000), ('1', 19, 20, 1000), 4), (('9', 5, 6, 1000), ('3', 0, 1, 1000), 4), (('9', 6, 7, 1000), ('9', 7, 8, 1000), 5), (('9', 7, 8, 1000), ('9', 6, 7, 1000), 5), (('9', 8, 9, 1000), ('9', 6, 7, 1000), 5), (('9', 9, 10, 1000), ('9', 6, 7, 1000), 5), (('9', 10, 11, 1000), ('9', 9, 10, 1000), 5), (('9', 11, 12, 1000), ('9', 6, 7, 1000), 5), (('9', 12, 13, 1000), ('9', 6, 7, 1000), 5), (('9', 13, 14, 1000), ('9', 6, 7, 1000), 5), (('9', 14, 15, 1000), ('9', 11, 12, 1000), 5), (('9', 15, 16, 1000), ('9', 11, 12, 1000), 5), (('9', 16, 17, 1000), ('9', 8, 9, 1000), 5), (('9', 17, 18, 1000), ('1', 0, 1, 1000), 5), (('9', 18, 19, 1000), ('9', 8, 9, 1000), 5), (('9', 19, 20, 1000), ('9', 8, 9, 1000), 5), (('9', 20, 21, 1000), ('9', 8, 9, 1000), 5), (('9', 21, 22, 1000), ('9', 15, 16, 1000), 6), (('9', 22, 23, 1000), ('1', 0, 1, 1000), 6), (('9', 23, 24, 1000), ('9', 8, 9, 1000), 6), (('9', 24, 25, 1000), ('1', 0, 1, 1000), 6), (('9', 25, 26, 1000), ('9', 21, 22, 1000), 6), (('9', 26, 27, 1000), ('9', 18, 19, 1000), 7), (('9', 27, 28, 1000), ('9', 22, 23, 1000), 7), (('9', 28, 29, 1000), ('1', 0, 1, 1000), 7), (('9', 29, 30, 1000), ('1', 0, 1, 1000), 7), (('9', 30, 31, 1000), ('9', 26, 27, 1000), 7), (('9', 31, 32, 1000), ('9', 13, 14, 1000), 7), (('9', 32, 33, 1000), ('1', 0, 1, 1000), 7), (('9', 33, 34, 1000), ('1', 0, 1, 1000), 7), (('9', 34, 35, 1000), ('1', 0, 1, 1000), 7), (('9', 35, 36, 1000), ('1', 0, 1, 1000), 7), (('9', 36, 37, 1000), ('13', 0, 1, 1000), 7), (('9', 37, 38, 1000), ('1', 0, 1, 1000), 7), (('9', 38, 39, 1000), ('9', 6, 7, 1000), 7), (('9', 39, 40, 1000), ('9', 27, 28, 1000), 7), (('9', 40, 41, 1000), ('1', 0, 1, 1000), 7), (('9', 41, 42, 1000), ('9', 6, 7, 1000), 7), (('9', 42, 43, 1000), ('1', 13, 14, 1000), 7), (('9', 43, 44, 1000), ('9', 22, 23, 1000), 7), (('9', 44, 45, 1000), ('1', 13, 14, 1000), 7), (('9', 45, 46, 1000), ('9', 27, 28, 1000), 7), (('9', 46, 47, 1000), ('9', 51, 52, 1000), 8), (('9', 47, 48, 1000), ('9', 0, 1, 1000), 8), (('9', 48, 49, 1000), ('1', 0, 1, 1000), 8), (('9', 49, 50, 1000), ('9', 0, 1, 1000), 8), (('9', 50, 51, 1000), ('9', 0, 1, 1000), 8), (('9', 51, 52, 1000), ('9', 9, 10, 1000), 8), (('9', 52, 53, 1000), ('1', 10, 11, 1000), 8), (('9', 53, 54, 1000), ('1', 0, 1, 1000), 9), (('9', 54, 55, 1000), ('9', 2, 3, 1000), 9), (('9', 55, 56, 1000), ('9', 2, 3, 1000), 11), (('9', 56, 57, 1000), ('1', 2, 3, 1000), 11), (('9', 57, 58, 1000), ('9', 3, 4, 1000), 11), (('9', 58, 59, 1000), ('9', 3, 4, 1000), 11), (('9', 59, 60, 1000), ('3', 11, 12, 1000), 12), (('9', 60, 61, 1000), ('1', 0, 1, 1000), 12), (('9', 61, 62, 1000), ('1', 0, 1, 1000), 12), (('9', 62, 63, 1000), ('1', 0, 1, 1000), 12), (('9', 63, 64, 1000), ('9', 28, 29, 1000), 12), (('9', 64, 65, 1000), ('10', 6, 7, 1000), 14), (('9', 65, 66, 1000), ('9', 26, 27, 1000), 14), (('10', 0, 1, 1000), ('10', 1, 2, 1000), 5), (('10', 1, 2, 1000), ('10', 0, 1, 1000), 7), (('10', 2, 3, 1000), ('9', 8, 9, 1000), 7), (('10', 3, 4, 1000), ('10', 1, 2, 1000), 7), (('10', 4, 5, 1000), ('10', 1, 2, 1000), 7), (('10', 5, 6, 1000), ('10', 2, 3, 1000), 7), (('10', 6, 7, 1000), ('9', 28, 29, 1000), 7), (('10', 7, 8, 1000), ('9', 8, 9, 1000), 7), (('10', 8, 9, 1000), ('10', 4, 5, 1000), 7), (('10', 9, 10, 1000), ('10', 2, 3, 1000), 7), (('10', 10, 11, 1000), ('1', 0, 1, 1000), 7), (('10', 11, 12, 1000), ('10', 2, 3, 1000), 7), (('10', 12, 13, 1000), ('10', 1, 2, 1000), 8), (('10', 13, 14, 1000), ('10', 2, 3, 1000), 12), (('10', 14, 15, 1000), ('10', 5, 6, 1000), 14), (('10', 15, 16, 1000), ('10', 19, 20, 1000), 14), (('10', 16, 17, 1000), ('10', 0, 1, 1000), 14), (('10', 17, 18, 1000), ('9', 26, 27, 1000), 14), (('10', 18, 19, 1000), ('10', 5, 6, 1000), 14), (('10', 19, 20, 1000), ('10', 5, 6, 1000), 14), (('10', 20, 21, 1000), ('10', 4, 5, 1000), 14), (('11', 0, 1, 1000), ('11', 1, 2, 1000), 8), (('11', 1, 2, 1000), ('11', 0, 1, 1000), 11), (('12', 0, 1, 1000), ('12', 6, 7, 1000), 2), (('12', 1, 2, 1000), ('12', 2, 3, 1000), 3), (('12', 2, 3, 1000), ('12', 1, 2, 1000), 3), (('12', 3, 4, 1000), ('12', 1, 2, 1000), 3), (('12', 4, 5, 1000), ('9', 4, 5, 1000), 4), (('12', 5, 6, 1000), ('12', 6, 7, 1000), 4), (('12', 6, 7, 1000), ('12', 0, 1, 1000), 4), (('12', 7, 8, 1000), ('12', 24, 25, 1000), 5), (('12', 8, 9, 1000), ('2', 12, 13, 1000), 5), (('12', 9, 10, 1000), ('12', 11, 12, 1000), 5), (('12', 10, 11, 1000), ('12', 8, 9, 1000), 8), (('12', 11, 12, 1000), ('12', 9, 10, 1000), 8), (('12', 12, 13, 1000), ('2', 10, 11, 1000), 8), (('12', 13, 14, 1000), ('12', 2, 3, 1000), 9), (('12', 14, 15, 1000), ('3', 7, 8, 1000), 9), (('12', 15, 16, 1000), ('12', 2, 3, 1000), 9), (('12', 16, 17, 1000), ('12', 2, 3, 1000), 9), (('12', 17, 18, 1000), ('12', 1, 2, 1000), 9), (('12', 18, 19, 1000), ('3', 8, 9, 1000), 10), (('12', 19, 20, 1000), ('12', 0, 1, 1000), 10), (('12', 20, 21, 1000), ('12', 3, 4, 1000), 10), (('12', 21, 22, 1000), ('12', 0, 1, 1000), 10), (('12', 22, 23, 1000), ('12', 2, 3, 1000), 11), (('12', 23, 24, 1000), ('12', 8, 9, 1000), 14), (('12', 24, 25, 1000), ('12', 7, 8, 1000), 14), (('12', 25, 26, 1000), ('12', 8, 9, 1000), 14), (('12', 26, 27, 1000), ('12', 3, 4, 1000), 14), (('12', 27, 28, 1000), ('12', 10, 11, 1000), 14), (('13', 0, 1, 1000), ('9', 36, 37, 1000), 5), (('13', 1, 2, 1000), ('2', 46, 47, 1000), 10), (('13', 2, 3, 1000), ('13', 0, 1, 1000), 10), (('16', 0, 1, 1000), ('16', 3, 4, 1000), 5), (('16', 1, 2, 1000), ('16', 2, 3, 1000), 5), (('16', 2, 3, 1000), ('16', 1, 2, 1000), 11), (('16', 3, 4, 1000), ('16', 0, 1, 1000), 14), (('16', 4, 5, 1000), ('16', 5, 6, 1000), 14), (('16', 5, 6, 1000), ('16', 1, 2, 1000), 14), (('17', 0, 1, 1000), ('17', 5, 6, 1000), 5), (('17', 1, 2, 1000), ('9', 30, 31, 1000), 13), (('17', 2, 3, 1000), ('17', 1, 2, 1000), 13), (('17', 3, 4, 1000), ('17', 1, 2, 1000), 13), (('17', 4, 5, 1000), ('17', 1, 2, 1000), 13), (('17', 5, 6, 1000), ('17', 0, 1, 1000), 14), (('17', 6, 7, 1000), ('17', 0, 1, 1000), 14), (('17', 7, 8, 1000), ('17', 0, 1, 1000), 14)]

Partition: 1
    Drawn: True
    5 Networks: [1, 2, 3, 9, 12]
        2 Networks not Drawn: [2, 9]
        3 Networks >1 Node: [1, 3, 12]
    36 Nodes: [1, 2, 3, 4, 5, 6, 7, 9, 10, 11, 13, 14, 16, 17, 18, 19, 20, 22, 23, 24, 26, 27, 28, 29, 33, 36, 38, 39, 40, 42, 43, 184, 222, 226, 231, 232]
        0 Nodes not Drawn: []
        36 Nodes     Drawn: [1, 2, 3, 4, 5, 6, 7, 9, 10, 11, 13, 14, 16, 17, 18, 19, 20, 22, 23, 24, 26, 27, 28, 29, 33, 36, 38, 39, 40, 42, 43, 184, 222, 226, 231, 232]

    Warn List: ['Network:2 contains ONLY 1 Node:33', 'Network:9 contains ONLY 1 Node:184', '1<->3', '3<->1']

Partition: 2
    Drawn: True
    7 Networks: [3, 5, 8, 9, 10, 11, 14]
        3 Networks not Drawn: [3, 11, 14]
        4 Networks >1 Node: [5, 8, 9, 10]
    52 Nodes: [48, 67, 84, 85, 86, 87, 88, 89, 90, 91, 92, 93, 94, 95, 96, 97, 98, 99, 100, 101, 102, 109, 119, 158, 159, 165, 167, 168, 172, 175, 176, 177, 180, 181, 185, 191, 192, 193, 194, 195, 196, 197, 198, 199, 201, 202, 203, 206, 211, 212, 221, 251]
        0 Nodes not Drawn: []
        52 Nodes     Drawn: [158, 159, 165, 167, 168, 212, 172, 175, 48, 176, 177, 180, 181, 185, 221, 191, 192, 193, 194, 67, 195, 196, 197, 198, 199, 201, 202, 203, 206, 211, 84, 85, 86, 87, 88, 89, 90, 91, 92, 93, 94, 95, 96, 97, 98, 99, 100, 101, 102, 109, 119, 251]

    Warn List: ['Network:3 contains ONLY 1 Node:48', 'Network:11 contains ONLY 1 Node:221', 'Network:14 contains ONLY 1 Node:251', '67<->176', '84<->88', '85<->86', '86<->85', '88<->84', '119<->177', '176<->67', '177<->119']

Partition: 3
    Drawn: True
    10 Networks: [1, 2, 3, 4, 5, 8, 10, 11, 12, 14]
        4 Networks not Drawn: [10, 11, 12, 14]
        6 Networks >1 Node: [1, 2, 3, 4, 5, 8]
    28 Nodes: [8, 12, 15, 21, 25, 31, 34, 44, 46, 47, 53, 54, 55, 57, 58, 59, 62, 72, 104, 105, 107, 118, 157, 166, 210, 216, 229, 249]
        0 Nodes not Drawn: []
        28 Nodes     Drawn: [8, 12, 15, 21, 25, 157, 31, 34, 166, 44, 46, 47, 53, 54, 55, 57, 58, 59, 62, 72, 210, 216, 229, 104, 105, 107, 118, 249]

    Warn List: ['Network:10 contains ONLY 1 Node:210', 'Network:11 contains ONLY 1 Node:216', 'Network:12 contains ONLY 1 Node:229', 'Network:14 contains ONLY 1 Node:249', '8<->12', '12<->8', '44<->46', '46<->44', '72<->107', '107<->72']

Partition: 4
    Drawn: False
    1 Networks: [5]
        1 Networks not Drawn: [5]
        0 Networks >1 Node: []
    1 Nodes: [108]
        1 Nodes not Drawn: [108]
        0 Nodes     Drawn: []

    Warn List: ['Partition:4 ONLY 1 Network', 'Network:5 contains ONLY 1 Node:108', 'Partition:4 not Drawn, do not Draw its nodes 108', 'Node:108 Matrix Sheet value 0.0']

Partition: 5
    Drawn: False
    1 Networks: [5]
        1 Networks not Drawn: [5]
        0 Networks >1 Node: []
    1 Nodes: [110]
        1 Nodes not Drawn: [110]
        0 Nodes     Drawn: []

    Warn List: ['Partition:5 ONLY 1 Network', 'Network:5 contains ONLY 1 Node:110', 'Partition:5 not Drawn, do not Draw its nodes 110', 'Node:110 Matrix Sheet value 0.0']

Partition: 6
    Drawn: True
    1 Networks: [5]
        0 Networks not Drawn: []
        1 Networks >1 Node: [5]
    2 Nodes: [111, 113]
        0 Nodes not Drawn: []
        2 Nodes     Drawn: [113, 111]

    Warn List: ['111<->113', '113<->111']

Partition: 7
    Drawn: True
    2 Networks: [5, 14]
        0 Networks not Drawn: []
        2 Networks >1 Node: [5, 14]
    4 Nodes: [71, 115, 259, 261]
        0 Nodes not Drawn: []
        4 Nodes     Drawn: [259, 115, 261, 71]

    Warn List: ['71<->115', '115<->71']

Partition: 8
    Drawn: True
    1 Networks: [5]
        0 Networks not Drawn: []
        1 Networks >1 Node: [5]
    2 Nodes: [70, 116]
        0 Nodes not Drawn: []
        2 Nodes     Drawn: [116, 70]

    Warn List: ['70<->116', '116<->70']

Partition: 9
    Drawn: True
    12 Networks: [1, 2, 3, 4, 5, 6, 7, 8, 9, 11, 12, 14]
        3 Networks not Drawn: [1, 2, 3]
        9 Networks >1 Node: [4, 5, 6, 7, 8, 9, 11, 12, 14]
    66 Nodes: [30, 35, 37, 51, 56, 61, 63, 68, 69, 73, 74, 75, 76, 77, 78, 79, 80, 81, 82, 83, 117, 121, 122, 123, 124, 125, 128, 129, 130, 132, 134, 135, 138, 139, 140, 142, 143, 145, 146, 147, 149, 150, 151, 153, 154, 155, 160, 169, 170, 171, 173, 174, 178, 182, 183, 214, 215, 217, 219, 223, 224, 227, 228, 230, 237, 254]
        0 Nodes not Drawn: []
        66 Nodes     Drawn: [128, 129, 130, 132, 134, 135, 138, 139, 140, 142, 143, 145, 146, 147, 149, 150, 151, 153, 154, 155, 30, 160, 35, 37, 169, 170, 171, 173, 174, 178, 51, 182, 183, 56, 61, 63, 68, 69, 73, 74, 75, 76, 77, 78, 79, 80, 81, 82, 83, 214, 215, 217, 219, 223, 224, 227, 228, 230, 237, 117, 121, 122, 123, 124, 125, 254]

    Warn List: ['Network:1 contains ONLY 1 Node:30', 'Network:2 contains ONLY 1 Node:35', 'Network:3 contains ONLY 1 Node:37', '63<->68', '68<->63']

Partition: 10
    Drawn: True
    5 Networks: [5, 7, 8, 12, 14]
        3 Networks not Drawn: [5, 8, 12]
        2 Networks >1 Node: [7, 14]
    21 Nodes: [112, 126, 127, 131, 133, 136, 137, 141, 144, 148, 152, 156, 162, 225, 238, 240, 243, 252, 253, 263, 264]
        0 Nodes not Drawn: []
        21 Nodes     Drawn: [131, 133, 263, 136, 137, 264, 141, 144, 148, 152, 156, 162, 225, 238, 112, 240, 243, 252, 253, 126, 127]

    Warn List: ['Network:5 contains ONLY 1 Node:112', 'Network:8 contains ONLY 1 Node:162', 'Network:12 contains ONLY 1 Node:225', '112<->126', '126<->112']

Partition: 11
    Drawn: True
    2 Networks: [8, 11]
        2 Networks not Drawn: [8, 11]
        0 Networks >1 Node: []
    2 Nodes: [161, 213]
        0 Nodes not Drawn: []
        2 Nodes     Drawn: [161, 213]

    Warn List: ['Network:8 contains ONLY 1 Node:161', 'Network:11 contains ONLY 1 Node:213', '161<->213', '213<->161']

Partition: 12
    Drawn: True
    9 Networks: [2, 3, 4, 5, 8, 9, 10, 11, 14]
        2 Networks not Drawn: [2, 11]
        7 Networks >1 Node: [3, 4, 5, 8, 9, 10, 14]
    28 Nodes: [32, 41, 45, 49, 50, 52, 60, 64, 65, 120, 163, 164, 179, 186, 187, 188, 189, 190, 205, 207, 208, 209, 220, 239, 241, 248, 250, 255]
        0 Nodes not Drawn: []
        28 Nodes     Drawn: [32, 163, 164, 41, 45, 49, 50, 179, 52, 186, 187, 188, 60, 189, 190, 64, 65, 205, 207, 208, 209, 220, 248, 239, 241, 120, 250, 255]

    Warn List: ['Network:2 contains ONLY 1 Node:32', 'Network:11 contains ONLY 1 Node:220', '32<->60', '41<->45', '45<->41', '60<->32', '64<->241', '120<->164', '164<->120', '241<->64']

Partition: 13
    Drawn: True
    2 Networks: [10, 5]
        1 Networks not Drawn: [5]
        1 Networks >1 Node: [10]
    3 Nodes: [66, 200, 204]
        0 Nodes not Drawn: []
        3 Nodes     Drawn: [200, 66, 204]

    Warn List: ['Network:5 contains ONLY 1 Node:66']

Partition: 14
    Drawn: False
    1 Networks: [14]
        1 Networks not Drawn: [14]
        0 Networks >1 Node: []
    1 Nodes: [242]
        1 Nodes not Drawn: [242]
        0 Nodes     Drawn: []

    Warn List: ['Partition:14 ONLY 1 Network', 'Network:14 contains ONLY 1 Node:242', 'Partition:14 not Drawn, do not Draw its nodes 242', 'Node:242 Matrix Sheet value 0.0']

Partition: 15
    Drawn: False
    1 Networks: [14]
        1 Networks not Drawn: [14]
        0 Networks >1 Node: []
    1 Nodes: [244]
        1 Nodes not Drawn: [244]
        0 Nodes     Drawn: []

    Warn List: ['Partition:15 ONLY 1 Network', 'Network:14 contains ONLY 1 Node:244', 'Partition:15 not Drawn, do not Draw its nodes 244', 'Node:244 Matrix Sheet value 0.0']

Partition: 16
    Drawn: True
    3 Networks: [11, 5, 14]
        1 Networks not Drawn: [11]
        2 Networks >1 Node: [5, 14]
    6 Nodes: [103, 106, 218, 245, 246, 247]
        0 Nodes not Drawn: []
        6 Nodes     Drawn: [103, 106, 245, 246, 247, 218]

    Warn List: ['Network:11 contains ONLY 1 Node:218', '103<->245', '106<->218', '218<->106', '245<->103']

Partition: 17
    Drawn: True
    3 Networks: [13, 5, 14]
        1 Networks not Drawn: [5]
        2 Networks >1 Node: [13, 14]
    8 Nodes: [114, 233, 234, 235, 236, 256, 257, 258]
        0 Nodes not Drawn: []
        8 Nodes     Drawn: [256, 257, 258, 233, 234, 235, 236, 114]

    Warn List: ['Network:5 contains ONLY 1 Node:114', '114<->256', '256<->114']

Partition: 18
    Drawn: False
    1 Networks: [14]
        1 Networks not Drawn: [14]
        0 Networks >1 Node: []
    1 Nodes: [260]
        1 Nodes not Drawn: [260]
        0 Nodes     Drawn: []

    Warn List: ['Partition:18 ONLY 1 Network', 'Network:14 contains ONLY 1 Node:260', 'Partition:18 not Drawn, do not Draw its nodes 260', 'Node:260 Matrix Sheet value 0.0']

Partition: 19
    Drawn: False
    1 Networks: [14]
        1 Networks not Drawn: [14]
        0 Networks >1 Node: []
    1 Nodes: [262]
        1 Nodes not Drawn: [262]
        0 Nodes     Drawn: []

    Warn List: ['Partition:19 ONLY 1 Network', 'Network:14 contains ONLY 1 Node:262', 'Partition:19 not Drawn, do not Draw its nodes 262', 'Node:262 Matrix Sheet value 0.0']
